   0 2500    0    0
   1 2000  500    0
   2 1580  920    0
   3 1093 1407    0
   4  645 1849    6
   5  325 2148   27
   6  156 2267   77
   7   63 2253  184
   8   28 2089  383
   9   11 1845  644
  10    4 1512  984
  11    4 1166 1330
  12    1  835 1664
  13    1  520 1979
  14    1  324 2175
  15    1  170 2329
  16    1   73 2426
  17    1   35 2464
  18    1   13 2486
  19    1    6 2493
  20    1    3 2496
  21    1    2 2497
  22    1    2 2497
  23    1    0 2499
  24    1    0 2499
  25    1    0 2499
  26    1    0 2499
  27    1    0 2499
  28    1    0 2499
  29    1    0 2499
  30    1    0 2499
  31    1    0 2499
  32    1    0 2499
  33    1    0 2499
  34    1    0 2499
  35    1    0 2499
  36    1    0 2499
  37    1    0 2499
