   0 2490    0    0 2490
   1 2329  161    0 2490
   2 2118  368    4 2490
   3 1779  693   18 2490
   4 1344 1111   35 2490
   5  939 1476   75 2490
   6  634 1723  133 2490
   7  401 1886  203 2490
   8  244 1963  283 2490
   9  153 1965  372 2490
  10   98 1930  462 2490
  11   69 1880  541 2490
  12   46 1827  617 2490
  13   26 1778  686 2490
  14   17 1710  763 2490
  15   14 1651  825 2490
  16   11 1570  909 2490
  17    9 1515  966 2490
  18    9 1454 1027 2490
  19    6 1407 1077 2490
  20    5 1347 1138 2490
  21    3 1293 1194 2490
  22    3 1240 1247 2490
  23    2 1182 1306 2490
  24    2 1140 1348 2490
  25    2 1087 1401 2490
  26    2 1040 1448 2490
  27    1 1004 1485 2490
  28    1  957 1532 2490
  29    1  917 1572 2490
  30    0  876 1614 2490
  31    0  840 1650 2490
  32    0  802 1688 2490
  33    0  768 1722 2490
  34    0  732 1758 2490
  35    0  692 1798 2490
  36    0  665 1825 2490
  37    0  640 1850 2490
  38    0  617 1873 2490
  39    0  589 1901 2490
  40    0  562 1928 2490
  41    0  544 1946 2490
  42    0  531 1959 2490
  43    0  513 1977 2490
  44    0  493 1997 2490
  45    0  473 2017 2490
  46    0  459 2031 2490
  47    0  444 2046 2490
  48    0  425 2065 2490
  49    0  402 2088 2490
  50    0  384 2106 2490
  51    0  369 2121 2490
  52    0  356 2134 2490
  53    0  346 2144 2490
  54    0  330 2160 2490
  55    0  315 2175 2490
  56    0  297 2193 2490
  57    0  286 2204 2490
  58    0  278 2212 2490
  59    0  272 2218 2490
  60    0  262 2228 2490
  61    0  248 2242 2490
  62    0  236 2254 2490
  63    0  229 2261 2490
  64    0  222 2268 2490
  65    0  212 2278 2490
  66    0  197 2293 2490
  67    0  187 2303 2490
  68    0  178 2312 2490
  69    0  173 2317 2490
  70    0  166 2324 2490
  71    0  154 2336 2490
  72    0  145 2345 2490
  73    0  139 2351 2490
  74    0  131 2359 2490
  75    0  127 2363 2490
  76    0  122 2368 2490
  77    0  118 2372 2490
  78    0  110 2380 2490
  79    0  104 2386 2490
  80    0  100 2390 2490
  81    0   99 2391 2490
  82    0   95 2395 2490
  83    0   91 2399 2490
  84    0   86 2404 2490
  85    0   82 2408 2490
  86    0   77 2413 2490
  87    0   74 2416 2490
  88    0   73 2417 2490
  89    0   73 2417 2490
  90    0   69 2421 2490
  91    0   67 2423 2490
  92    0   65 2425 2490
  93    0   62 2428 2490
  94    0   61 2429 2490
  95    0   60 2430 2490
  96    0   56 2434 2490
  97    0   52 2438 2490
  98    0   48 2442 2490
  99    0   45 2445 2490
 100    0   44 2446 2490
 101    0   43 2447 2490
 102    0   42 2448 2490
 103    0   42 2448 2490
 104    0   38 2452 2490
 105    0   36 2454 2490
 106    0   34 2456 2490
 107    0   30 2460 2490
 108    0   27 2463 2490
 109    0   26 2464 2490
 110    0   24 2466 2490
 111    0   24 2466 2490
 112    0   23 2467 2490
 113    0   23 2467 2490
 114    0   23 2467 2490
 115    0   22 2468 2490
 116    0   21 2469 2490
 117    0   18 2472 2490
 118    0   18 2472 2490
 119    0   17 2473 2490
 120    0   17 2473 2490
 121    0   17 2473 2490
 122    0   15 2475 2490
 123    0   12 2478 2490
 124    0   12 2478 2490
 125    0   12 2478 2490
 126    0   10 2480 2490
 127    0   10 2480 2490
 128    0   10 2480 2490
 129    0   10 2480 2490
 130    0   10 2480 2490
 131    0    9 2481 2490
 132    0    8 2482 2490
 133    0    8 2482 2490
 134    0    8 2482 2490
 135    0    7 2483 2490
 136    0    7 2483 2490
 137    0    7 2483 2490
 138    0    7 2483 2490
 139    0    7 2483 2490
 140    0    6 2484 2490
 141    0    6 2484 2490
 142    0    6 2484 2490
 143    0    6 2484 2490
 144    0    4 2486 2490
 145    0    4 2486 2490
 146    0    4 2486 2490
 147    0    4 2486 2490
 148    0    4 2486 2490
 149    0    4 2486 2490
 150    0    4 2486 2490
 151    0    4 2486 2490
 152    0    4 2486 2490
 153    0    4 2486 2490
 154    0    4 2486 2490
 155    0    3 2487 2490
 156    0    3 2487 2490
 157    0    3 2487 2490
 158    0    3 2487 2490
 159    0    3 2487 2490
 160    0    3 2487 2490
 161    0    3 2487 2490
 162    0    3 2487 2490
 163    0    3 2487 2490
 164    0    3 2487 2490
 165    0    3 2487 2490
 166    0    3 2487 2490
 167    0    3 2487 2490
 168    0    2 2488 2490
 169    0    2 2488 2490
 170    0    2 2488 2490
 171    0    2 2488 2490
 172    0    2 2488 2490
 173    0    2 2488 2490
 174    0    2 2488 2490
 175    0    2 2488 2490
 176    0    2 2488 2490
 177    0    2 2488 2490
 178    0    2 2488 2490
 179    0    2 2488 2490
 180    0    2 2488 2490
 181    0    2 2488 2490
 182    0    2 2488 2490
 183    0    1 2489 2490
 184    0    1 2489 2490
 185    0    1 2489 2490
 186    0    1 2489 2490
 187    0    1 2489 2490
 188    0    1 2489 2490
 189    0    1 2489 2490
 190    0    1 2489 2490
 191    0    1 2489 2490
 192    0    1 2489 2490
 193    0    1 2489 2490
 194    0    1 2489 2490
 195    0    1 2489 2490
 196    0    1 2489 2490
 197    0    1 2489 2490
 198    0    1 2489 2490
 199    0    1 2489 2490
 200    0    1 2489 2490
 201    0    1 2489 2490
 202    0    1 2489 2490
 203    0    1 2489 2490
 204    0    1 2489 2490
 205    0    1 2489 2490
 206    0    1 2489 2490
 207    0    1 2489 2490
 208    0    1 2489 2490
 209    0    1 2489 2490
 210    0    1 2489 2490
 211    0    1 2489 2490
 212    0    1 2489 2490
 213    0    1 2489 2490
 214    0    1 2489 2490
 215    0    1 2489 2490
 216    0    1 2489 2490
 217    0    1 2489 2490
 218    0    1 2489 2490
 219    0    1 2489 2490
 220    0    1 2489 2490
 221    0    1 2489 2490
 222    0    1 2489 2490
 223    0    1 2489 2490
 224    0    1 2489 2490
 225    0    1 2489 2490
 226    0    1 2489 2490
 227    0    1 2489 2490
 228    0    1 2489 2490
 229    0    1 2489 2490
 230    0    1 2489 2490
 231    0    1 2489 2490
 232    0    1 2489 2490
 233    0    1 2489 2490
 234    0    1 2489 2490
The average time of recovery is : 24.2719